# transform file from-pet_to-t1w_reg.lta
# created by martinnorgaard on Wed Jan 24 11:34:06 2024

type      = 0 # LINEAR_VOX_TO_VOX
nxforms   = 1
mean      = 0.0000 0.0000 0.0000
sigma     = 10000.0000
1 4 4
2.035611629486084e+00 -5.566393584012985e-02 1.368752121925354e-02 -7.236427307128906e+01 
1.186404284089804e-02 -7.564094662666321e-02 -1.998585939407349e+00 2.164406585693359e+02 
5.614224821329117e-02 2.034253358840942e+00 -7.394015043973923e-02 -7.398563385009766e+01 
0.000000000000000e+00 0.000000000000000e+00 0.000000000000000e+00 9.999999403953552e-01 
src volume info
valid = 1  # volume info valid
filename = /home/martinnorgaard/drive/petprep_extract_tacs/data/petprep_extract_tacs_wf/subject_02_wf/_pet_file_sub-02_ses-blocked/coreg_pet_to_t1w/sub-02_ses-blocked_desc-wavg_pet.nii.gz
volume = 200 200 111
voxelsize = 2.036420106887817e+00 2.036420106887817e+00 2.000000000000000e+00
xras   = -1.000000000000000e+00 -0.000000000000000e+00 0.000000000000000e+00
yras   = 0.000000000000000e+00 1.000000000000000e+00 0.000000000000000e+00
zras   = -0.000000000000000e+00 -0.000000000000000e+00 1.000000000000000e+00
cras   = -2.255020141601562e+00 2.377504119873047e+02 -1.865000000000000e+02
dst volume info
valid = 1  # volume info valid
filename = /home/martinnorgaard/drive/petprep_extract_tacs/data/petprep_extract_tacs_wf/subject_02_wf/_pet_file_sub-02_ses-blocked/coreg_pet_to_t1w/brainmask.mgz
volume = 256 256 256
voxelsize = 1.000000000000000e+00 1.000000000000000e+00 1.000000000000000e+00
xras   = -1.000000000000000e+00 9.313225746154785e-10 0.000000000000000e+00
yras   = 0.000000000000000e+00 7.450580596923828e-09 -1.000000000000000e+00
zras   = -9.313225746154785e-10 1.000000000000000e+00 0.000000000000000e+00
cras   = -3.641358613967896e-01 -1.559401392936707e+00 9.345474243164062e+00
subject sub-02
