# transform file from-pet_to-t1w_reg.lta
# created by martinnorgaard on Wed Jan 24 11:46:06 2024

type      = 0 # LINEAR_VOX_TO_VOX
nxforms   = 1
mean      = 0.0000 0.0000 0.0000
sigma     = 10000.0000
1 4 4
2.035419940948486e+00 1.463788468390703e-02 -6.101693585515022e-02 -7.020546722412109e+01 
-6.088005751371384e-02 -1.503273397684097e-01 -1.993647217750549e+00 2.293874053955078e+02 
-1.917764358222485e-02 2.030811786651611e+00 -1.471365243196487e-01 -7.160701751708984e+01 
0.000000000000000e+00 0.000000000000000e+00 0.000000000000000e+00 1.000000000000000e+00 
src volume info
valid = 1  # volume info valid
filename = /home/martinnorgaard/drive/petprep_extract_tacs/data/petprep_extract_tacs_wf/subject_01_wf/_pet_file_sub-01_ses-blocked/coreg_pet_to_t1w/sub-01_ses-blocked_desc-wavg_pet.nii.gz
volume = 200 200 111
voxelsize = 2.036420106887817e+00 2.036420106887817e+00 2.000000000000000e+00
xras   = -1.000000000000000e+00 -0.000000000000000e+00 0.000000000000000e+00
yras   = 0.000000000000000e+00 1.000000000000000e+00 0.000000000000000e+00
zras   = -0.000000000000000e+00 -0.000000000000000e+00 1.000000000000000e+00
cras   = -1.562011718750000e+00 2.314214324951172e+02 -2.070000000000000e+02
dst volume info
valid = 1  # volume info valid
filename = /home/martinnorgaard/drive/petprep_extract_tacs/data/petprep_extract_tacs_wf/subject_01_wf/_pet_file_sub-01_ses-blocked/coreg_pet_to_t1w/brainmask.mgz
volume = 256 256 256
voxelsize = 9.999998807907104e-01 9.999998807907104e-01 9.999998211860657e-01
xras   = -1.000000000000000e+00 -1.725311671307850e-09 0.000000000000000e+00
yras   = 4.656613428188905e-10 -2.328306714094452e-10 -1.000000000000000e+00
zras   = -2.001798282691425e-09 1.000000000000000e+00 4.656613983300417e-10
cras   = -1.835710555315018e-01 9.333244323730469e+00 9.137557983398438e+00
subject sub-01
